import numpy as np
import numpy.typing as npt
from typing import List
from functools import reduce
from icecream import ic # type: ignore

class WENO:

      # first-degree polynomial

      __C1L = [np.array([-0.5, 1.5, -1.0, 1.0]).reshape((2, 2)),
             np.array([0.5, 0.5, -1.0, 1.0]).reshape((2, 2))]
    
      __C1R = [np.array([0.5, 0.5, -1, 1]).reshape((2, 2)),
             np.array([1.5, -0.5, -1, 1]).reshape((2, 2))]
    
      __B1 = [np.array([1, -1, -1, 1]).reshape((2, 2)), 
          np.array([1, -1, -1, 1]).reshape((2, 2))]
    
      __w1L = np.array([0.3333333333333333, 0.6666666666666667])

      __w1R = np.array([0.6666666666666667, 0.3333333333333333])
    
      # second-degree polynomial

      __C2L = [np.array([0.3333333333333333, -1.166666666666667, 1.833333333333333, 1, -3, 2, 1, -2, 1]).reshape((3, 3)),
             np.array([-0.1666666666666667, 0.8333333333333334, 0.3333333333333333, 0, -1, 1, 1, -2, 1]).reshape((3, 3)),
             np.array([0.3333333333333333, 0.8333333333333334, -0.1666666666666667, -1, 1, 0, 1, -2, 1]).reshape((3, 3))]
    
      __C2R = [np.array([-0.1666666666666667, 0.8333333333333334, 0.3333333333333333, 0, -1, 1, 1, -2, 1]).reshape((3, 3)),
             np.array([0.3333333333333333, 0.8333333333333334, -0.1666666666666667, -1, 1, 0, 1, -2, 1]).reshape((3, 3)),
             np.array([1.833333333333333, -1.166666666666667, 0.3333333333333333, -2, 3, -1, 1, -2, 1]).reshape((3, 3))]
    
      __w2L = np.array([0.1, 0.6, 0.3])

      __w2R = np.array([0.3, 0.6, 0.1])

      __B2 = [np.array([1.333333333333333, -3.166666666666667, 1.833333333333333, -3.166666666666667, 8.333333333333334, -5.166666666666667, 1.833333333333333, -5.166666666666667, 3.333333333333333]).reshape((3, 3)), 
            np.array([1.333333333333333, -2.166666666666667, 0.8333333333333334, -2.166666666666667, 4.333333333333333, -2.166666666666667, 0.8333333333333334, -2.166666666666667, 1.333333333333333]).reshape((3, 3)), 
            np.array([3.333333333333333, -5.166666666666667, 1.833333333333333, -5.166666666666667, 8.333333333333334, -3.166666666666667, 1.833333333333333, -3.166666666666667, 1.333333333333333]).reshape((3, 3))]
    
      # third-degree polynomial

      __C3L = [np.array([-0.25, 1.083333333333333, -1.916666666666667, 2.083333333333333, -0.9166666666666666, 3.75, -5.75, 2.916666666666667, -1.5, 5.5, -6.5, 2.5, -1, 3, -3, 1]).reshape((4, 4)),
             np.array([0.08333333333333333, -0.4166666666666667, 1.083333333333333, 0.25, 0.08333333333333333, -0.25, -0.75, 0.9166666666666666, -0.5, 2.5, -3.5, 1.5, -1, 3, -3, 1]).reshape((4, 4)),
             np.array([-0.08333333333333333, 0.5833333333333334, 0.5833333333333334, -0.08333333333333333, 0.08333333333333333, -1.25, 1.25, -0.08333333333333333, 0.5, -0.5, -0.5, 0.5, -1, 3, -3, 1]).reshape((4, 4)),
             np.array([0.25, 1.083333333333333, -0.4166666666666667, 0.08333333333333333, -0.9166666666666666, 0.75, 0.25, -0.08333333333333333, 1.5, -3.5, 2.5, -0.5, -1, 3, -3, 1]).reshape((4, 4))]
    
      __C3R  = [np.array([0.08333333333333333, -0.4166666666666667, 1.083333333333333, 0.25, 0.08333333333333333, -0.25, -0.75, 0.9166666666666666, -0.5, 2.5, -3.5, 1.5, -1, 3, -3, 1]).reshape((4, 4)),
              np.array([-0.08333333333333333, 0.5833333333333334, 0.5833333333333334, -0.08333333333333333, 0.08333333333333333, -1.25, 1.25, -0.08333333333333333, 0.5, -0.5, -0.5, 0.5, -1, 3, -3, 1]).reshape((4, 4)),
              np.array([0.25, 1.083333333333333, -0.4166666666666667, 0.08333333333333333, -0.9166666666666666, 0.75, 0.25, -0.08333333333333333, 1.5, -3.5, 2.5, -0.5, -1, 3, -3, 1]).reshape((4, 4)),
              np.array([2.083333333333333, -1.916666666666667, 1.083333333333333, -0.25, -2.916666666666667, 5.75, -3.75, 0.9166666666666666, 2.5, -6.5, 5.5, -1.5, -1, 3, -3, 1]).reshape((4, 4))]
    
      __w3L = np.array([0.02857142857142857, 0.3428571428571429, 0.5142857142857142, 0.1142857142857143])

      __w3R = np.array([0.1142857142857143, 0.5142857142857142, 0.3428571428571429, 0.02857142857142857])
    
      __B3 = [np.array([[2.279166666666667, -8.0875, 9.670833333333333, -3.8625], [-8.0875, 29.34583333333333, -35.92916666666667, 14.67083333333333], [9.670833333333333, -35.92916666666667, 45.84583333333333, -19.5875], [-3.8625, 14.67083333333333, -19.5875, 8.779166666666667]]), 
          np.array([[1.1125, -3.420833333333333, 3.3375, -1.029166666666667], [-3.420833333333333, 11.84583333333333, -12.42916666666667, 4.004166666666666], [3.3375, -12.42916666666667, 14.34583333333333, -5.254166666666666], [-1.029166666666667, 4.004166666666666, -5.254166666666666, 2.279166666666667]]), 
          np.array([[2.279166666666667, -5.254166666666666, 4.004166666666666, -1.029166666666667], [-5.254166666666666, 14.34583333333333, -12.42916666666667, 3.3375], [4.004166666666666, -12.42916666666667, 11.84583333333333, -3.420833333333333], [-1.029166666666667, 3.3375, -3.420833333333333, 1.1125]]), 
          np.array([[8.779166666666667, -19.5875, 14.67083333333333, -3.8625], [-19.5875, 45.84583333333333, -35.92916666666667, 9.670833333333333], [14.67083333333333, -35.92916666666667, 29.34583333333333, -8.0875], [-3.8625, 9.670833333333333, -8.0875, 2.279166666666667]])]
    
      # fourth-degree polynomial

      __C4L = [np.array([0.2, -1.05, 2.283333333333333, -2.716666666666667, 2.283333333333333, 0.8333333333333334, -4.25, 8.75, -9.083333333333334, 3.75, 1.75, -8.5, 16, -13.5, 4.25, 2, -9, 15, -11, 3, 1, -4, 6, -4, 1]).reshape((5, 5)),
             np.array([-0.05, 0.2833333333333333, -0.7166666666666667, 1.283333333333333, 0.2, -0.08333333333333333, 0.4166666666666667, -0.75, -0.4166666666666667, 0.8333333333333334, 0.25, -1.5, 4, -4.5, 1.75, 1, -5, 9, -7, 2, 1, -4, 6, -4, 1]).reshape((5, 5)),
             np.array([0.03333333333333333, -0.2166666666666667, 0.7833333333333333, 0.45, -0.05, 0, 0.08333333333333333, -1.25, 1.25, -0.08333333333333333, -0.25, 1.5, -2, 0.5, 0.25, 0, -1, 3, -3, 1, 1, -4, 6, -4, 1]).reshape((5, 5)),
             np.array([-0.05, 0.45, 0.7833333333333333, -0.2166666666666667, 0.03333333333333333, 0.08333333333333333, -1.25, 1.25, -0.08333333333333333, 0, 0.25, 0.5, -2, 1.5, -0.25, -1, 3, -3, 1, 0, 1, -4, 6, -4, 1]).reshape((5, 5)),
             np.array([0.2, 1.283333333333333, -0.7166666666666667, 0.2833333333333333, -0.05, -0.8333333333333334, 0.4166666666666667, 0.75, -0.4166666666666667, 0.08333333333333333, 1.75, -4.5, 4, -1.5, 0.25, -2, 7, -9, 5, -1, 1, -4, 6, -4, 1]).reshape((5, 5))]
    
      __C4R = [np.array([-0.05, 0.2833333333333333, -0.7166666666666667, 1.283333333333333, 0.2, -0.08333333333333333, 0.4166666666666667, -0.75, -0.4166666666666667, 0.8333333333333334, 0.25, -1.5, 4, -4.5, 1.75, 1, -5, 9, -7, 2, 1, -4, 6, -4, 1]).reshape((5, 5)),
             np.array([0.03333333333333333, -0.2166666666666667, 0.7833333333333333, 0.45, -0.05, 0, 0.08333333333333333, -1.25, 1.25, -0.08333333333333333, -0.25, 1.5, -2, 0.5, 0.25, 0, -1, 3, -3, 1, 1, -4, 6, -4, 1]).reshape((5, 5)),
             np.array([-0.05, 0.45, 0.7833333333333333, -0.2166666666666667, 0.03333333333333333, 0.08333333333333333, -1.25, 1.25, -0.08333333333333333, 0, 0.25, 0.5, -2, 1.5, -0.25, -1, 3, -3, 1, 0, 1, -4, 6, -4, 1]).reshape((5, 5)),
             np.array([0.2, 1.283333333333333, -0.7166666666666667, 0.2833333333333333, -0.05, -0.8333333333333334, 0.4166666666666667, 0.75, -0.4166666666666667, 0.08333333333333333, 1.75, -4.5, 4, -1.5, 0.25, -2, 7, -9, 5, -1, 1, -4, 6, -4, 1]).reshape((5, 5)),
             np.array([2.283333333333333, -2.716666666666667, 2.283333333333333, -1.05, 0.2, -3.75, 9.083333333333334, -8.75, 4.25, -0.8333333333333334, 4.25, -13.5, 16, -8.5, 1.75, -3, 11, -15, 9, -2, 1, -4, 6, -4, 1]).reshape((5, 5))]
      
      __w4L = np.array([0.007936507936507936, 0.1587301587301587, 0.4761904761904762, 0.3174603174603174, 0.03968253968253968])
      
      __w4R = np.array([0.03968253968253968, 0.3174603174603174, 0.4761904761904762, 0.1587301587301587, 0.007936507936507936])

      # __w4L = np.array([1, 1, 1000, 1, 1])
      
      # __w4R = np.array([1, 1, 1000, 1, 1])
    
      __B4 = [np.reshape(np.array([4.49563492063492, -20.68462301587302, 36.19672619047619, -28.57212301587301, 8.56438492063492, -20.68462301587302, 95.82599206349207, -169.0869047619047, 134.7676587301587, -40.82212301587302, 36.19672619047619, -169.0869047619047, 301.8636904761905, -244.2535714285714, 75.28005952380953, -28.57212301587301, 134.7676587301587, -244.2535714285714, 202.4926587301587, -64.43462301587302, 8.56438492063492, -40.82212301587302, 75.28005952380953, -64.43462301587302, 21.41230158730159]), (5, 5)),
          np.reshape(np.array([1.370634920634921, -6.038789682539683, 9.842559523809523, -6.967956349206349, 1.793551587301587, -6.038789682539683, 27.49265873015873, -46.12857142857143, 33.43432539682539, -8.759623015873016, 9.842559523809523, -46.12857142857143, 80.61369047619047, -60.71190476190476, 16.38422619047619, -6.967956349206349, 33.43432539682539, -60.71190476190476, 48.15932539682539, -13.91378968253968, 1.793551587301587, -8.759623015873016, 16.38422619047619, -13.91378968253968, 4.49563492063492]), (5, 5)),
          np.reshape(np.array([1.370634920634921, -5.059623015873016, 6.738392857142857, -3.863789682539683, 0.8143849206349206, -5.059623015873016, 20.82599206349206, -29.67023809523809, 17.76765873015873, -3.863789682539683, 6.738392857142857, -29.67023809523809, 45.86369047619048, -29.67023809523809, 6.738392857142857, -3.863789682539683, 17.76765873015873, -29.67023809523809, 20.82599206349206, -5.059623015873016, 0.8143849206349206, -3.863789682539683, 6.738392857142857, -5.059623015873016, 1.370634920634921]), (5, 5)),
          np.reshape(np.array([4.49563492063492, -13.91378968253968, 16.38422619047619, -8.759623015873016, 1.793551587301587, -13.91378968253968, 48.15932539682539, -60.71190476190476, 33.43432539682539, -6.967956349206349, 16.38422619047619, -60.71190476190476, 80.61369047619047, -46.12857142857143, 9.842559523809523, -8.759623015873016, 33.43432539682539, -46.12857142857143, 27.49265873015873, -6.038789682539683, 1.793551587301587, -6.967956349206349, 9.842559523809523, -6.038789682539683, 1.370634920634921]), (5, 5)),
          np.reshape(np.array([21.41230158730159, -64.43462301587302, 75.28005952380953, -40.82212301587302, 8.56438492063492, -64.43462301587302, 202.4926587301587, -244.2535714285714, 134.7676587301587, -28.57212301587301, 75.28005952380953, -244.2535714285714, 301.8636904761905, -169.0869047619047, 36.19672619047619, -40.82212301587302, 134.7676587301587, -169.0869047619047, 95.82599206349207, -20.68462301587302, 8.56438492063492, -28.57212301587301, 36.19672619047619, -20.68462301587302, 4.49563492063492]), (5, 5))]
    
    # fifth-degree polynomial

      __C5L = [np.array([-0.1666666666666667, 1.033333333333333, -2.716666666666667, 3.95, -3.55, 2.45, -0.7611111111111111, 4.638888888888889, -11.86111111111111, 16.36111111111111, -12.88888888888889, 4.511111111111111, -1.875, 11.125, -27.25, 34.75, -22.875, 6.125, -2.833333333333333, 16.16666666666667, -37.33333333333334, 43.33333333333334, -25.16666666666667, 5.833333333333333, -2.5, 13.5, -29, 31, -16.5, 3.5, -1, 5, -10, 10, -5, 1]).reshape((6, 6)),
             np.array([0.03333333333333333, -0.2166666666666667, 0.6166666666666667, -1.05, 1.45, 0.1666666666666667, 0.07222222222222222, -0.4444444444444444, 1.138888888888889, -1.472222222222222, -0.05555555555555555, 0.7611111111111111, -0.125, 0.875, -2.75, 5.25, -5.125, 1.875, -0.8333333333333334, 5.166666666666667, -13.33333333333333, 17.33333333333333, -11.16666666666667, 2.833333333333333, -1.5, 8.5, -19, 21, -11.5, 2.5, -1, 5, -10, 10, -5, 1]).reshape((6, 6)),
             np.array([-0.01666666666666667, 0.1166666666666667, -0.3833333333333334, 0.95, 0.3666666666666666, -0.03333333333333333, -0.01111111111111111, 0.05555555555555555, -0.02777777777777778, -1.138888888888889, 1.194444444444444, -0.07222222222222222, 0.125, -0.875, 2.75, -3.25, 1.125, 0.125, 0.1666666666666667, -0.8333333333333334, 0.6666666666666666, 1.333333333333333, -2.166666666666667, 0.8333333333333334, -0.5, 3.5, -9, 11, -6.5, 1.5, -1, 5, -10, 10, -5, 1]).reshape((6, 6)),
             np.array([0.01666666666666667, -0.1333333333333333, 0.6166666666666667, 0.6166666666666667, -0.1333333333333333, 0.01666666666666667, -0.01111111111111111, 0.1388888888888889, -1.361111111111111, 1.361111111111111, -0.1388888888888889, 0.01111111111111111, -0.125, 0.875, -0.75, -0.75, 0.875, -0.125, 0.1666666666666667, -1.833333333333333, 4.666666666666667, -4.666666666666667, 1.833333333333333, -0.1666666666666667, 0.5, -1.5, 1, 1, -1.5, 0.5, -1, 5, -10, 10, -5, 1]).reshape((6, 6)),
             np.array([-0.03333333333333333, 0.3666666666666666, 0.95, -0.3833333333333334, 0.1166666666666667, -0.01666666666666667, 0.07222222222222222, -1.194444444444444, 1.138888888888889, 0.02777777777777778, -0.05555555555555555, 0.01111111111111111, 0.125, 1.125, -3.25, 2.75, -0.875, 0.125, -0.8333333333333334, 2.166666666666667, -1.333333333333333, -0.6666666666666666, 0.8333333333333334, -0.1666666666666667, 1.5, -6.5, 11, -9, 3.5, -0.5, -1, 5, -10, 10, -5, 1]).reshape((6, 6)),
             np.array([0.1666666666666667, 1.45, -1.05, 0.6166666666666667, -0.2166666666666667, 0.03333333333333333, -0.7611111111111111, 0.05555555555555555, 1.472222222222222, -1.138888888888889, 0.4444444444444444, -0.07222222222222222, 1.875, -5.125, 5.25, -2.75, 0.875, -0.125, -2.833333333333333, 11.16666666666667, -17.33333333333333, 13.33333333333333, -5.166666666666667, 0.8333333333333334, 2.5, -11.5, 21, -19, 8.5, -1.5, -1, 5, -10, 10, -5, 1]).reshape((6, 6))]

      __C5R = [np.array([0.03333333333333333, -0.2166666666666667, 0.6166666666666667, -1.05, 1.45, 0.1666666666666667, 0.07222222222222222, -0.4444444444444444, 1.138888888888889, -1.472222222222222, -0.05555555555555555, 0.7611111111111111, -0.125, 0.875, -2.75, 5.25, -5.125, 1.875, -0.8333333333333334, 5.166666666666667, -13.33333333333333, 17.33333333333333, -11.16666666666667, 2.833333333333333, -1.5, 8.5, -19, 21, -11.5, 2.5, -1, 5, -10, 10, -5, 1]).reshape((6, 6)),
             np.array([-0.01666666666666667, 0.1166666666666667, -0.3833333333333334, 0.95, 0.3666666666666666, -0.03333333333333333, -0.01111111111111111, 0.05555555555555555, -0.02777777777777778, -1.138888888888889, 1.194444444444444, -0.07222222222222222, 0.125, -0.875, 2.75, -3.25, 1.125, 0.125, 0.1666666666666667, -0.8333333333333334, 0.6666666666666666, 1.333333333333333, -2.166666666666667, 0.8333333333333334, -0.5, 3.5, -9, 11, -6.5, 1.5, -1, 5, -10, 10, -5, 1]).reshape((6, 6)),
             np.array([0.01666666666666667, -0.1333333333333333, 0.6166666666666667, 0.6166666666666667, -0.1333333333333333, 0.01666666666666667, -0.01111111111111111, 0.1388888888888889, -1.361111111111111, 1.361111111111111, -0.1388888888888889, 0.01111111111111111, -0.125, 0.875, -0.75, -0.75, 0.875, -0.125, 0.1666666666666667, -1.833333333333333, 4.666666666666667, -4.666666666666667, 1.833333333333333, -0.1666666666666667, 0.5, -1.5, 1, 1, -1.5, 0.5, -1, 5, -10, 10, -5, 1]).reshape((6, 6)),
             np.array([-0.03333333333333333, 0.3666666666666666, 0.95, -0.3833333333333334, 0.1166666666666667, -0.01666666666666667, 0.07222222222222222, -1.194444444444444, 1.138888888888889, 0.02777777777777778, -0.05555555555555555, 0.01111111111111111, 0.125, 1.125, -3.25, 2.75, -0.875, 0.125, -0.8333333333333334, 2.166666666666667, -1.333333333333333, -0.6666666666666666, 0.8333333333333334, -0.1666666666666667, 1.5, -6.5, 11, -9, 3.5, -0.5, -1, 5, -10, 10, -5, 1]).reshape((6, 6)),
             np.array([0.1666666666666667, 1.45, -1.05, 0.6166666666666667, -0.2166666666666667, 0.03333333333333333, -0.7611111111111111, 0.05555555555555555, 1.472222222222222, -1.138888888888889, 0.4444444444444444, -0.07222222222222222, 1.875, -5.125, 5.25, -2.75, 0.875, -0.125, -2.833333333333333, 11.16666666666667, -17.33333333333333, 13.33333333333333, -5.166666666666667, 0.8333333333333334, 2.5, -11.5, 21, -19, 8.5, -1.5, -1, 5, -10, 10, -5, 1]).reshape((6, 6)),
             np.array([2.45, -3.55, 3.95, -2.716666666666667, 1.033333333333333, -0.1666666666666667, -4.511111111111111, 12.88888888888889, -16.36111111111111, 11.86111111111111, -4.638888888888889, 0.7611111111111111, 6.125, -22.875, 34.75, -27.25, 11.125, -1.875, -5.833333333333333, 25.16666666666667, -43.33333333333334, 37.33333333333334, -16.16666666666667, 2.833333333333333, 3.5, -16.5, 31, -29, 13.5, -2.5, -1, 5, -10, 10, -5, 1]).reshape((6, 6))]
      
      __w5L = np.array([0.002164502164502165, 0.06493506493506493, 0.3246753246753247, 0.4329004329004329, 0.1623376623376623, 0.01298701298701299])

      __w5R = np.array([0.01298701298701299, 0.1623376623376623, 0.4329004329004329, 0.3246753246753247, 0.06493506493506493, 0.002164502164502165])

      __B5 = [np.reshape(np.array([9.528447420634921, -53.53085317460317, 121.7024470899471, -140.2066964285714, 81.98722718253968, -19.48057208994709, -53.53085317460317, 301.5929811507937, -688.0830191798942, 796.1163690476191, -467.9513392857143, 111.8558614417989, 121.7024470899471, -688.0830191798942, 1577.030191798942, -1835.333597883598, 1086.729794973545, -262.0458167989418, -140.2066964285714, 796.1163690476191, -1835.333597883598, 2153.152876984127, -1288.736954365079, 315.0080026455026, 81.98722718253968, -467.9513392857143, 1086.729794973545, -1288.736954365079, 784.1537450396826, -196.1824735449735, -19.48057208994709, 111.8558614417989, -262.0458167989418, 315.0080026455026, -196.1824735449735, 50.84499834656085]), (6, 6)),
          np.reshape(np.array([2.246850198412699, -12.46580687830688, 27.67281746031746, -30.62544642857143, 16.8114169973545, -3.639831349206349, -12.46580687830688, 69.85744874338624, -156.7184358465609, 175.2853505291005, -97.18282076719576, 21.22426421957672, 27.67281746031746, -156.7184358465609, 356.2639880952381, -404.4261904761905, 227.5700727513228, -50.36225198412698, -30.62544642857143, 175.2853505291005, -404.4261904761905, 468.4375992063492, -269.6107969576719, 60.93948412698413, 16.8114169973545, -97.18282076719576, 227.5700727513228, -269.6107969576719, 160.1022404100529, -37.69011243386243, -3.639831349206349, 21.22426421957672, -50.36225198412698, 60.93948412698413, -37.69011243386243, 9.528447420634921]), (6, 6)),
          np.reshape(np.array([1.154373346560847, -5.910945767195767, 11.8385582010582, -11.54373346560847, 5.477041997354497, -1.015294312169312, -5.910945767195767, 31.62075892857143, -65.64320436507937, 65.84785052910053, -31.94439484126984, 6.029935515873015, 11.8385582010582, -65.64320436507937, 142.1598214285714, -148.0558201058201, 74.01220238095237, -14.31155753968254, -11.54373346560847, 65.84785052910053, -148.0558201058201, 161.3010251322751, -84.44065806878307, 16.89133597883598, 5.477041997354497, -31.94439484126984, 74.01220238095237, -84.44065806878307, 46.73707837301588, -9.841269841269842, -1.015294312169312, 6.029935515873015, -14.31155753968254, 16.89133597883598, -9.841269841269842, 2.246850198412699]), (6, 6)),
          np.reshape(np.array([2.246850198412699, -9.841269841269842, 16.89133597883598, -14.31155753968254, 6.029935515873015, -1.015294312169312, -9.841269841269842, 46.73707837301588, -84.44065806878307, 74.01220238095237, -31.94439484126984, 5.477041997354497, 16.89133597883598, -84.44065806878307, 161.3010251322751, -148.0558201058201, 65.84785052910053, -11.54373346560847, -14.31155753968254, 74.01220238095237, -148.0558201058201, 142.1598214285714, -65.64320436507937, 11.8385582010582, 6.029935515873015, -31.94439484126984, 65.84785052910053, -65.64320436507937, 31.62075892857143, -5.910945767195767, -1.015294312169312, 5.477041997354497, -11.54373346560847, 11.8385582010582, -5.910945767195767, 1.154373346560847]), (6, 6)),
          np.reshape(np.array([9.528447420634921, -37.69011243386243, 60.93948412698413, -50.36225198412698, 21.22426421957672, -3.639831349206349, -37.69011243386243, 160.1022404100529, -269.6107969576719, 227.5700727513228, -97.18282076719576, 16.8114169973545, 60.93948412698413, -269.6107969576719, 468.4375992063492, -404.4261904761905, 175.2853505291005, -30.62544642857143, -50.36225198412698, 227.5700727513228, -404.4261904761905, 356.2639880952381, -156.7184358465609, 27.67281746031746, 21.22426421957672, -97.18282076719576, 175.2853505291005, -156.7184358465609, 69.85744874338624, -12.46580687830688, -3.639831349206349, 16.8114169973545, -30.62544642857143, 27.67281746031746, -12.46580687830688, 2.246850198412699]), (6, 6)),
          np.reshape(np.array([50.84499834656085, -196.1824735449735, 315.0080026455026, -262.0458167989418, 111.8558614417989, -19.48057208994709, -196.1824735449735, 784.1537450396826, -1288.736954365079, 1086.729794973545, -467.9513392857143, 81.98722718253968, 315.0080026455026, -1288.736954365079, 2153.152876984127, -1835.333597883598, 796.1163690476191, -140.2066964285714, -262.0458167989418, 1086.729794973545, -1835.333597883598, 1577.030191798942, -688.0830191798942, 121.7024470899471, 111.8558614417989, -467.9513392857143, 796.1163690476191, -688.0830191798942, 301.5929811507937, -53.53085317460317, -19.48057208994709, 81.98722718253968, -140.2066964285714, 121.7024470899471, -53.53085317460317, 9.528447420634921]), (6, 6))]
    
      # sixth-degree polynomial

      __C6L = [np.array([0.1428571428571428, -1.023809523809524, 3.176190476190476, -5.573809523809524, 6.092857142857143, -4.407142857142857, 2.592857142857143, 0.7, -4.961111111111111, 15.13888888888889, -25.86111111111111, 26.86111111111111, -17.08888888888889, 5.211111111111111, 1.933333333333333, -13.475, 40.125, -65.91666666666667, 63.75, -34.475, 8.058333333333334, 3.5, -23.83333333333333, 68.66666666666667, -107.3333333333333, 95.83333333333333, -46.16666666666666, 9.333333333333334, 4.166666666666667, -27.5, 76, -112.3333333333333, 93.5, -41.5, 7.666666666666667, 3, -19, 50, -70, 55, -23, 4, 1, -6, 15, -20, 15, -6, 1]).reshape((7, 7)),
               np.array([-0.02380952380952381, 0.1761904761904762, -0.5738095238095238, 1.092857142857143, -1.407142857142857, 1.592857142857143, 0.1428571428571428, -0.06111111111111111, 0.4388888888888889, -1.361111111111111, 2.361111111111111, -2.388888888888889, 0.3111111111111111, 0.7, 0.05833333333333333, -0.475, 1.75, -3.916666666666667, 6.125, -5.475, 1.933333333333333, 0.6666666666666666, -4.833333333333333, 15.16666666666667, -26.66666666666667, 27.33333333333333, -15.16666666666667, 3.5, 1.666666666666667, -11.5, 33.5, -52.33333333333334, 46, -21.5, 4.166666666666667, 2, -13, 35, -50, 40, -17, 3, 1, -6, 15, -20, 15, -6, 1]).reshape((7, 7)),
               np.array([0.009523809523809525, -0.07380952380952381, 0.2595238095238095, -0.5738095238095238, 1.092857142857143, 0.3095238095238095, -0.02380952380952381, 0.01111111111111111, -0.07777777777777778, 0.2222222222222222, -0.25, -0.9722222222222222, 1.127777777777778, -0.06111111111111111, -0.06666666666666667, 0.525, -1.875, 4.083333333333333, -4.25, 1.525, 0.05833333333333333, -0.1666666666666667, 1.166666666666667, -3.333333333333333, 4, -1.166666666666667, -1.166666666666667, 0.6666666666666666, 0.1666666666666667, -1.5, 6, -12.33333333333333, 13.5, -7.5, 1.666666666666667, 1, -7, 20, -30, 25, -11, 2, 1, -6, 15, -20, 15, -6, 1]).reshape((7, 7)),
               np.array([-0.007142857142857143, 0.05952380952380952, -0.2404761904761905, 0.7595238095238095, 0.5095238095238095, -0.09047619047619047, 0.009523809523809525, 0, -0.01111111111111111, 0.1388888888888889, -1.361111111111111, 1.361111111111111, -0.1388888888888889, 0.01111111111111111, 0.05833333333333333, -0.475, 1.75, -1.916666666666667, 0.125, 0.525, -0.06666666666666667, 0, 0.1666666666666667, -1.833333333333333, 4.666666666666667, -4.666666666666667, 1.833333333333333, -0.1666666666666667, -0.3333333333333333, 2.5, -6.5, 7.666666666666667, -4, 0.5, 0.1666666666666667, 0, -1, 5, -10, 10, -5, 1, 1, -6, 15, -20, 15, -6, 1]).reshape((7, 7)),
               np.array([0.009523809523809525, -0.09047619047619047, 0.5095238095238095, 0.7595238095238095, -0.2404761904761905, 0.05952380952380952, -0.007142857142857143, -0.01111111111111111, 0.1388888888888889, -1.361111111111111, 1.361111111111111, -0.1388888888888889, 0.01111111111111111, 0, -0.06666666666666667, 0.525, 0.125, -1.916666666666667, 1.75, -0.475, 0.05833333333333333, 0.1666666666666667, -1.833333333333333, 4.666666666666667, -4.666666666666667, 1.833333333333333, -0.1666666666666667, 0, 0.1666666666666667, 0.5, -4, 7.666666666666667, -6.5, 2.5, -0.3333333333333333, -1, 5, -10, 10, -5, 1, 0, 1, -6, 15, -20, 15, -6, 1]).reshape((7, 7)),
               np.array([-0.02380952380952381, 0.3095238095238095, 1.092857142857143, -0.5738095238095238, 0.2595238095238095, -0.07380952380952381, 0.009523809523809525, 0.06111111111111111, -1.127777777777778, 0.9722222222222222, 0.25, -0.2222222222222222, 0.07777777777777778, -0.01111111111111111, 0.05833333333333333, 1.525, -4.25, 4.083333333333333, -1.875, 0.525, -0.06666666666666667, -0.6666666666666666, 1.166666666666667, 1.166666666666667, -4, 3.333333333333333, -1.166666666666667, 0.1666666666666667, 1.666666666666667, -7.5, 13.5, -12.33333333333333, 6, -1.5, 0.1666666666666667, -2, 11, -25, 30, -20, 7, -1, 1, -6, 15, -20, 15, -6, 1]).reshape((7, 7)),
               np.array([0.1428571428571428, 1.592857142857143, -1.407142857142857, 1.092857142857143, -0.5738095238095238, 0.1761904761904762, -0.02380952380952381, -0.7, -0.3111111111111111, 2.388888888888889, -2.361111111111111, 1.361111111111111, -0.4388888888888889, 0.06111111111111111, 1.933333333333333, -5.475, 6.125, -3.916666666666667, 1.75, -0.475, 0.05833333333333333, -3.5, 15.16666666666667, -27.33333333333333, 26.66666666666667, -15.16666666666667, 4.833333333333333, -0.6666666666666666, 4.166666666666667, -21.5, 46, -52.33333333333334, 33.5, -11.5, 1.666666666666667, -3, 17, -40, 50, -35, 13, -2, 1, -6, 15, -20, 15, -6, 1]).reshape((7, 7))]
      
      __C6R = [np.array([-0.02380952380952381, 0.1761904761904762, -0.5738095238095238, 1.092857142857143, -1.407142857142857, 1.592857142857143, 0.1428571428571428, -0.06111111111111111, 0.4388888888888889, -1.361111111111111, 2.361111111111111, -2.388888888888889, 0.3111111111111111, 0.7, 0.05833333333333333, -0.475, 1.75, -3.916666666666667, 6.125, -5.475, 1.933333333333333, 0.6666666666666666, -4.833333333333333, 15.16666666666667, -26.66666666666667, 27.33333333333333, -15.16666666666667, 3.5, 1.666666666666667, -11.5, 33.5, -52.33333333333334, 46, -21.5, 4.166666666666667, 2, -13, 35, -50, 40, -17, 3, 1, -6, 15, -20, 15, -6, 1]).reshape((7, 7)),
            np.array([0.009523809523809525, -0.07380952380952381, 0.2595238095238095, -0.5738095238095238, 1.092857142857143, 0.3095238095238095, -0.02380952380952381, 0.01111111111111111, -0.07777777777777778, 0.2222222222222222, -0.25, -0.9722222222222222, 1.127777777777778, -0.06111111111111111, -0.06666666666666667, 0.525, -1.875, 4.083333333333333, -4.25, 1.525, 0.05833333333333333, -0.1666666666666667, 1.166666666666667, -3.333333333333333, 4, -1.166666666666667, -1.166666666666667, 0.6666666666666666, 0.1666666666666667, -1.5, 6, -12.33333333333333, 13.5, -7.5, 1.666666666666667, 1, -7, 20, -30, 25, -11, 2, 1, -6, 15, -20, 15, -6, 1]).reshape((7, 7)),
            np.array([-0.007142857142857143, 0.05952380952380952, -0.2404761904761905, 0.7595238095238095, 0.5095238095238095, -0.09047619047619047, 0.009523809523809525, 0, -0.01111111111111111, 0.1388888888888889, -1.361111111111111, 1.361111111111111, -0.1388888888888889, 0.01111111111111111, 0.05833333333333333, -0.475, 1.75, -1.916666666666667, 0.125, 0.525, -0.06666666666666667, 0, 0.1666666666666667, -1.833333333333333, 4.666666666666667, -4.666666666666667, 1.833333333333333, -0.1666666666666667, -0.3333333333333333, 2.5, -6.5, 7.666666666666667, -4, 0.5, 0.1666666666666667, 0, -1, 5, -10, 10, -5, 1, 1, -6, 15, -20, 15, -6, 1]).reshape((7, 7)),
            np.array([0.009523809523809525, -0.09047619047619047, 0.5095238095238095, 0.7595238095238095, -0.2404761904761905, 0.05952380952380952, -0.007142857142857143, -0.01111111111111111, 0.1388888888888889, -1.361111111111111, 1.361111111111111, -0.1388888888888889, 0.01111111111111111, 0, -0.06666666666666667, 0.525, 0.125, -1.916666666666667, 1.75, -0.475, 0.05833333333333333, 0.1666666666666667, -1.833333333333333, 4.666666666666667, -4.666666666666667, 1.833333333333333, -0.1666666666666667, 0, 0.1666666666666667, 0.5, -4, 7.666666666666667, -6.5, 2.5, -0.3333333333333333, -1, 5, -10, 10, -5, 1, 0, 1, -6, 15, -20, 15, -6, 1]).reshape((7, 7)),
            np.array([-0.02380952380952381, 0.3095238095238095, 1.092857142857143, -0.5738095238095238, 0.2595238095238095, -0.07380952380952381, 0.009523809523809525, 0.06111111111111111, -1.127777777777778, 0.9722222222222222, 0.25, -0.2222222222222222, 0.07777777777777778, -0.01111111111111111, 0.05833333333333333, 1.525, -4.25, 4.083333333333333, -1.875, 0.525, -0.06666666666666667, -0.6666666666666666, 1.166666666666667, 1.166666666666667, -4, 3.333333333333333, -1.166666666666667, 0.1666666666666667, 1.666666666666667, -7.5, 13.5, -12.33333333333333, 6, -1.5, 0.1666666666666667, -2, 11, -25, 30, -20, 7, -1, 1, -6, 15, -20, 15, -6, 1]).reshape((7, 7)),
            np.array([0.1428571428571428, 1.592857142857143, -1.407142857142857, 1.092857142857143, -0.5738095238095238, 0.1761904761904762, -0.02380952380952381, -0.7, -0.3111111111111111, 2.388888888888889, -2.361111111111111, 1.361111111111111, -0.4388888888888889, 0.06111111111111111, 1.933333333333333, -5.475, 6.125, -3.916666666666667, 1.75, -0.475, 0.05833333333333333, -3.5, 15.16666666666667, -27.33333333333333, 26.66666666666667, -15.16666666666667, 4.833333333333333, -0.6666666666666666, 4.166666666666667, -21.5, 46, -52.33333333333334, 33.5, -11.5, 1.666666666666667, -3, 17, -40, 50, -35, 13, -2, 1, -6, 15, -20, 15, -6, 1]).reshape((7, 7)),
            np.array([2.592857142857143, -4.407142857142857, 6.092857142857143, -5.573809523809524, 3.176190476190476, -1.023809523809524, 0.1428571428571428, -5.211111111111111, 17.08888888888889, -26.86111111111111, 25.86111111111111, -15.13888888888889, 4.961111111111111, -0.7, 8.058333333333334, -34.475, 63.75, -65.91666666666667, 40.125, -13.475, 1.933333333333333, -9.333333333333334, 46.16666666666666, -95.83333333333333, 107.3333333333333, -68.66666666666667, 23.83333333333333, -3.5, 7.666666666666667, -41.5, 93.5, -112.3333333333333, 76, -27.5, 4.166666666666667, -4, 23, -55, 70, -50, 19, -3, 1, -6, 15, -20, 15, -6, 1]).reshape((7, 7))]
      
      __w6L = np.array([0.0005827505827505828, 0.02447552447552448, 0.1835664335664336, 0.4079254079254079, 0.3059440559440559, 0.07342657342657342, 0.004079254079254079])

      __w6R = np.array([0.004079254079254079, 0.07342657342657342, 0.3059440559440559, 0.4079254079254079, 0.1835664335664336, 0.02447552447552448, 0.0005827505827505828])
    
      __B6 = [np.reshape(np.array([21.01414174816952, -139.2062809894581, 387.729636418751, -582.0450604924911, 497.5120148909732, -230.0275061878708, 45.02305461192614, -139.2062809894581, 923.4947163600289, -2576.730129193723, 3876.401420053712, -3322.100243281025, 1540.88084731241, -302.7403302619448, 387.729636418751, -2576.730129193723, 7205.30018037518, -10869.10913049142, 9346.55924535534, -4353.468993281024, 859.7191908168992, -582.0450604924911, 3876.401420053712, -10869.10913049142, 16453.17591223077, -14212.00727863957, 6657.853271905564, -1324.269134566565, 497.5120148909732, -3322.100243281025, 9346.55924535534, -14212.00727863957, 12350.33143037518, -5832.948879193723, 1172.653710492825, -230.0275061878708, 1540.88084731241, -4353.468993281024, 6657.853271905564, -5832.948879193723, 2787.974716360029, -570.263456915384, 45.02305461192614, -302.7403302619448, 859.7191908168992, -1324.269134566565, 1172.653710492825, -570.263456915384, 119.8769658222436]), (7, 7)),
            np.reshape(np.array([4.299728167922613, -28.36961046476672, 78.33089027677569, -115.7610327147133, 96.43524019961519, -42.82792671256213, 7.892711247728609, -28.36961046476672, 187.8919617303992, -521.0197703974267, 773.6638428932179, -647.8055094847282, 289.2064260161135, -53.56734029280904, 78.33089027677569, -521.0197703974267, 1452.345319264069, -2169.83328172599, 1829.338469892376, -822.6115280032468, 153.4499006934424, -115.7610327147133, 773.6638428932179, -2169.83328172599, 3266.814029514724, -2779.62803481241, 1262.727423140132, -237.9829462949602, 96.43524019961519, -647.8055094847282, 1829.338469892376, -2779.62803481241, 2394.055967412217, -1103.66560373076, 211.2694705236893, -42.82792671256213, 289.2064260161135, -822.6115280032468, 1262.727423140132, -1103.66560373076, 519.2471469155844, -102.0759376252605, 7.892711247728609, -53.56734029280904, 153.4499006934424, -237.9829462949602, 211.2694705236893, -102.0759376252605, 21.01414174816952]), (7, 7)),
            np.reshape(np.array([1.40409545187323, -9.001759384519801, 23.83364876443001, -33.25586296162685, 25.70915995270162, -10.41776853354978, 1.728486710691572, -9.001759384519801, 58.62804969336219, -157.5706384529822, 222.9174694364278, -174.4564932810245, 71.44677323833574, -11.96340124959917, 23.83364876443001, -157.5706384529822, 430.7087451899952, -619.9254885161135, 493.0685046145983, -204.844224762506, 34.72945316257816, -33.25586296162685, 222.9174694364278, -619.9254885161135, 910.7561591443535, -739.8483280222864, 313.4112965969216, -54.05524567767623, 25.70915995270162, -174.4564932810245, 493.0685046145983, -739.8483280222864, 616.654347041847, -268.5935551196489, 47.46636481381273, -10.41776853354978, 71.44677323833574, -204.844224762506, 313.4112965969216, -268.5935551196489, 121.202864508177, -22.20538592772968, 1.728486710691572, -11.96340124959917, 34.72945316257816, -54.05524567767623, 47.46636481381273, -22.20538592772968, 4.299728167922613]), (7, 7)),
            np.reshape(np.array([1.40409545187323, -8.100181452421035, 19.06823595578804, -23.43418086286142, 15.88747785393619, -5.652355724907808, 0.8269087785928064, -8.100181452421035, 48.90159136002886, -119.3848166937229, 151.0085959796376, -104.7705557810245, 37.99772231240981, -5.652355724907808, 19.06823595578804, -119.3848166937229, 302.8626803751804, -396.0894545654962, 282.4264328553391, -104.7705557810245, 15.88747785393619, -23.43418086286142, 151.0085959796376, -396.0894545654962, 537.03007889744, -396.0894545654962, 151.0085959796376, -23.43418086286142, 15.88747785393619, -104.7705557810245, 282.4264328553391, -396.0894545654962, 302.8626803751804, -119.3848166937229, 19.06823595578804, -5.652355724907808, 37.99772231240981, -104.7705557810245, 151.0085959796376, -119.3848166937229, 48.90159136002886, -8.100181452421035, 0.8269087785928064, -5.652355724907808, 15.88747785393619, -23.43418086286142, 19.06823595578804, -8.100181452421035, 1.40409545187323]), (7, 7)),
            np.reshape(np.array([4.299728167922613, -22.20538592772968, 47.46636481381273, -54.05524567767623, 34.72945316257816, -11.96340124959917, 1.728486710691572, -22.20538592772968, 121.202864508177, -268.5935551196489, 313.4112965969216, -204.844224762506, 71.44677323833574, -10.41776853354978, 47.46636481381273, -268.5935551196489, 616.654347041847, -739.8483280222864, 493.0685046145983, -174.4564932810245, 25.70915995270162, -54.05524567767623, 313.4112965969216, -739.8483280222864, 910.7561591443535, -619.9254885161135, 222.9174694364278, -33.25586296162685, 34.72945316257816, -204.844224762506, 493.0685046145983, -619.9254885161135, 430.7087451899952, -157.5706384529822, 23.83364876443001, -11.96340124959917, 71.44677323833574, -174.4564932810245, 222.9174694364278, -157.5706384529822, 58.62804969336219, -9.001759384519801, 1.728486710691572, -10.41776853354978, 25.70915995270162, -33.25586296162685, 23.83364876443001, -9.001759384519801, 1.40409545187323]), (7, 7)),
            np.reshape(np.array([21.01414174816952, -102.0759376252605, 211.2694705236893, -237.9829462949602, 153.4499006934424, -53.56734029280904, 7.892711247728609, -102.0759376252605, 519.2471469155844, -1103.66560373076, 1262.727423140132, -822.6115280032468, 289.2064260161135, -42.82792671256213, 211.2694705236893, -1103.66560373076, 2394.055967412217, -2779.62803481241, 1829.338469892376, -647.8055094847282, 96.43524019961519, -237.9829462949602, 1262.727423140132, -2779.62803481241, 3266.814029514724, -2169.83328172599, 773.6638428932179, -115.7610327147133, 153.4499006934424, -822.6115280032468, 1829.338469892376, -2169.83328172599, 1452.345319264069, -521.0197703974267, 78.33089027677569, -53.56734029280904, 289.2064260161135, -647.8055094847282, 773.6638428932179, -521.0197703974267, 187.8919617303992, -28.36961046476672, 7.892711247728609, -42.82792671256213, 96.43524019961519, -115.7610327147133, 78.33089027677569, -28.36961046476672, 4.299728167922613]), (7, 7)),
            np.reshape(np.array([119.8769658222436, -570.263456915384, 1172.653710492825, -1324.269134566565, 859.7191908168992, -302.7403302619448, 45.02305461192614, -570.263456915384, 2787.974716360029, -5832.948879193723, 6657.853271905564, -4353.468993281024, 1540.88084731241, -230.0275061878708, 1172.653710492825, -5832.948879193723, 12350.33143037518, -14212.00727863957, 9346.55924535534, -3322.100243281025, 497.5120148909732, -1324.269134566565, 6657.853271905564, -14212.00727863957, 16453.17591223077, -10869.10913049142, 3876.401420053712, -582.0450604924911, 859.7191908168992, -4353.468993281024, 9346.55924535534, -10869.10913049142, 7205.30018037518, -2576.730129193723, 387.729636418751, -302.7403302619448, 1540.88084731241, -3322.100243281025, 3876.401420053712, -2576.730129193723, 923.4947163600289, -139.2062809894581, 45.02305461192614, -230.0275061878708, 497.5120148909732, -582.0450604924911, 387.729636418751, -139.2062809894581, 21.01414174816952]), (7, 7))]
    
      # seventh-degree polynomial

      __C7L = [np.array([-0.125, 1.017857142857143, -3.648809523809524, 7.551190476190476, -9.948809523809524, 8.717857142857143, -5.282142857142857, 2.717857142857143, -0.6482142857142857, 5.2375, -18.57361111111111, 37.82638888888889, -48.54861111111111, 40.47361111111111, -21.62638888888889, 5.859325396825397, -1.954166666666667, 15.6125, -54.5125, 108.5208333333333, -134.3125, 104.7875, -48.15416666666667, 10.0125, -4.029166666666667, 31.70416666666667, -108.4458333333333, 209.6875, -248.3541666666667, 180.4458333333333, -74.37083333333334, 13.3625, -5.833333333333333, 45, -150, 280.1666666666667, -316.5, 216, -82.33333333333333, 13.5, -5.75, 43.25, -139.75, 251.25, -271.25, 175.75, -63.25, 9.75, -3.5, 25.5, -79.5, 137.5, -142.5, 88.5, -30.5, 4.5, -1, 7, -21, 35, -35, 21, -7, 1]).reshape((8, 8)),
               np.array([0.01785714285714286, -0.1488095238095238, 0.5511904761904762, -1.198809523809524, 1.717857142857143, -1.782142857142857, 1.717857142857143, 0.125, 0.05178571428571429, -0.4236111111111111, 1.526388888888889, -3.173611111111111, 4.173611111111111, -3.476388888888889, 0.6736111111111112, 0.6482142857142857, -0.02083333333333333, 0.2041666666666667, -0.9125, 2.479166666666667, -4.645833333333333, 6.5625, -5.620833333333334, 1.954166666666667, -0.5291666666666667, 4.370833333333334, -15.94583333333333, 33.6875, -45.1875, 38.44583333333333, -18.87083333333333, 4.029166666666667, -1.666666666666667, 13.33333333333333, -46.5, 91.83333333333333, -110.6666666666667, 81, -33.16666666666666, 5.833333333333333, -2.75, 21.25, -70.75, 131.25, -146.25, 97.75, -36.25, 5.75, -2.5, 18.5, -58.5, 102.5, -107.5, 67.5, -23.5, 3.5, -1, 7, -21, 35, -35, 21, -7, 1]).reshape((8, 8)),
